
0 | 1  0 -1  0  1  0 -1  0  1  0 -1  0  1  0 -1  0  1  0 -1  0  1  0 -1  0  1  0 -1  0  1  0 -1  0  1  0 -1  0  1  0 -1  0  1  0 -1  0  1  0 -1  0  1  0 -1  0  1  0 -1  0  1  0 -1  0  1  0 -1  
0 | 0  1  1  0  0 -1 -1  0  0  1  1  0  0 -1 -1  0  0  1  1  0  0 -1 -1  0  0  1  1  0  0 -1 -1  0  0  1  1  0  0 -1 -1  0  0  1  1  0  0 -1 -1  0  0  1  1  0  0 -1 -1  0  0  1  1  0  0 -1 -1  
0 | 0  0  1  1  1  0  0  0 -1 -1 -1  0  0  0  1  1  1  0  0  0 -1 -1 -1  0  0  0  1  1  1  0  0  0 -1 -1 -1  0  0  0  1  1  1  0  0  0 -1 -1 -1  0  0  0  1  1  1  0  0  0 -1 -1 -1  
0 | 0  0  0  1  1  1  1  0  0  0  0 -1 -1 -1 -1  0  0  0  0  1  1  1  1  0  0  0  0 -1 -1 -1 -1  0  0  0  0  1  1  1  1  0  0  0  0 -1 -1 -1 -1  0  0  0  0  1  1  1  1  0  0  0  0 -1 -1 -1 -1  
0 | 0  0  0  0  1  1  1  1  1  0  0  0  0  0 -1 -1 -1 -1 -1  0  0  0  0  0  1  1  1  1  1  0  0  0  0  0 -1 -1 -1 -1 -1  0  0  0  0  0  1  1  1  1  1  0  0  0  0  0 -1 -1 -1 -1 -1  
0 | 0  0  0  0  0  1  1  1  1  1  1  0  0  0  0  0  0 -1 -1 -1 -1 -1 -1  0  0  0  0  0  0  1  1  1  1  1  1  0  0  0  0  0  0 -1 -1 -1 -1 -1 -1  0  0  0  0  0  0  1  1  1  1  1  1  0  0  0  0  0  0 -1 -1 -1 -1 -1 -1  







Test 1:  8   0   8   7   1   2   2   4   5   8   5   9   1   4   5   4   6   6   1   9   0   8   3   2   1   8   6   4   5   5   9   5
-----------------------------------------------------------------------------------------------------------------------------------------
Digit 0: 8 + 0 - 8 + 0 + 1 + 0 - 2 + 0 + 5 + 0 - 5 + 0 + 1 + 0 - 5 + 0 + 6 + 0 - 1 + 0 + 0 + 0 - 3 + 0 + 1 + 0 - 6 + 0 + 5 + 0 - 9 + 0    =  -12 ≃ 2
Digit 1: 0 + 0 + 8 + 0 + 0 - 2 - 2 + 0
Digit 2: 0 + 0 + 8 + 8 + 1 + 0 + 0 + 0 - 5 - 8 - 9



(FFT -InputSignal ("1234"*40).ToCharArray().ForEach({[int]"$_"})) -join ""
1234 1234 1234 1234 1234 1234 1234 1234 1234 1234 1234 1234 1234 1234 1234 1234 1234 1234 1234 1234 | 1234 1234 1234 1234 1234 1234 1234 1234 1234 1234 1234 1234 1234 1234 1234 1234 1234 1234 1234 1234 
0030 6580 2044 6620 6040 2600 9594 8994 2020 2020 4686 4686 4686 4580 1580 1580 1580 1580 1580 1580 | 0974 0974 0974 0974 0974 0974 0974 0974 0974 0974 0974 0974 0974 0974 0974 0974 0974 0974 0974 0974
8992 9447 5214 8932 7403 6463 9925 1707 1981 7547 8537 8193 4759 0320 4986 0542 6108 2764 8320 4986 | 0014 0014 0014 0014 0014 0014 0014 0014 0014 0014 0014 0014 0014 0014 0014 0014 0014 0014 0014 0014
1436 6553 9312 7951 9172 3326 0570 9043 9901 1987 6487 8647 2463 2898 2947 5652 4923 9850 0343 7492 | 0009 5554 0009 5554 0009 5554 0009 5554 0009 5554 0009 5554 0009 5554 0009 5554 0009 5554 0009 5554

1001100110011001100110011001100110011001 1001 1001 1001 1001 1001 1001 1001 1001 1001 1001
0080414420568541101023670144546676889800 0999 8777 6555 4333 2111 0999 8777 6555 4333 2111
8826996871061978065180597568963563023079 001235814838396308765 5678036938384185321
7691003848021185276760423132738663565708 0009749106857459668150592441563524091631
5916602046096029547955033451414168156587 0000 140100461405604650 056406504164001041
5885639433160168116751709198888442580840 44444399 888 4873382282 777 2622611760 666 551
5746878708384306178476366134735160638484 5173 9523 4680 6818 5753 5369 2042 0432 5993 7161
17791194198968902848313418176160080155107214127528244809169416378662006316785871

12345 => 35295 => 67645
1234512345 => 5732554295 => 2646550645

12345123451234512345123451234512345123451234512345          12345 12345 12345 12345 12345 12345 12345 12345 12345 12345
06030 29120 01075 82785 22220 40335 40325 60770 15225 60770 0974054295 0974054295 0974054295 0974054295 0974054295
50236 74119 79703 28343 96686 26614 81665 55915 05410 00460 55695506450014005190 55695506450014005190 5569550645
86235380578642362178406160436014860065100101056015          05045055950009555090 05045055950009555090 0504505595
02063573933556931783031117323553392270038811999270          00551661672222383889994405505611112727788833944945
87900771843897657300515513288860963907726053635840          55505482158642079680123955055043210819257918562895

12345 | 12345 12345 | 12345 12 345 12345 | 12345 12345 12 345 12345
35295 | 57325 54295 | 21720 60 740 54295 | 06030 40770 09 740 54295
67645 | 26465 50645 | 97522 22 695 50645 | 99582 20460 55 695 50645
53595 | 70660 05595 | 99576 93 045 05595 | 43486 26015 05 045 05595
58945 | 56219 44945 | 17417 12 339 44945 | 89239 57058 88 339 44945
17895 | 25380 62895 | 52111 24 185 62895 | 16064 59420 79 185 62895








03036732577212944063491565474664030367325772129440634915654746640303673257721294406349156547466403036732577212944063491565474664030367325772129440634915654746640303673257721294406349156547466403036732577212944063491565474664030367325772129440634915654746640303673257721294406349156547466403036732577212944063491565474664030367325772129440634915654746640303673257721294406349156547466403036732577212944063491565474664030367325772129440634915654746640303673257721294406349156547466403036732577212944063491565474664 03036732577212944063491565474664 03036732577212944063491565474664 03036732577212944063491565474664 03036732577212944063491565474664
0030495084720370661491545198271027108042008558381541872688103820919176268240557067809366678808151227124252237678207956770186472407050878741923801632928554860010353216135173861646090006330663463532161351738616460900447795949558448620677097699871559922404940039931751225421443260044779594955844862067709769987155992240494000774818614754239559623271625159552293631692097840041787261706040077481861475423955962327162515955229363169209784004178726170604 0077481861475423955962327162515955229363169209784004178726170604 0077481861475423955962327162515955229363169209784004178726170604 0077481861475423955962327162515955229363169209784004178726170604



1212121212 1212121212  |  12121212121212121212 1212121212 1212121212  |  12121212121212121212121212121212121212121212121212121212121212121212121212121212
0342040235 5421986532  |  00360992004061245780 0976431087 5421986532  |  004005420008979200004062840235689124578009764310875421986532 0976431087 5421986532
0168291138 5064346052  |  01231147531547446188 0014841002 5064346052  |  165490238003787284363264746683002744618800148410025064346052 0014841002 5064346052
3839204091 5004073772  |  21560314888186924541 5554028777 5004073772  |  825644748701998696024506254596568147909600095732220559528227 5554028777 5004073772
2393939994 5000669692  |  50408354653990819944 5050664692 5000669692  |  897567165066148082076176889949508031499400001696420050164642 5050664692 5000669692

Last digit seems to always be the same
Doubling the repeats, the last half of the former is the last quarter of the latter at the same depth





        1 2 3 4 1 2 3 4 1 2 3 4 1 2 3 4 
        -------------------------------                             |    
Dig 0   1+0-1+0+1+0-1+0+1+0-1+0+1+0-1+0 = x                         |
Dig 1   0+1+1+0+0-1-1+0+0+1+1+0+0-1-1+0 = x                         |
Dig 2   0+0+1+1+1+0+0+0-1-1-1+0+0+0+1+1 = x                         |
Dig 3   0+0+0+1+1+1+1+0+0+0+0-1-1-1-1+0 = x                         |
Dig 4   0+0+0+0+1+1+1+1+1+0+0+0+0+0-1-1 = x                         |
Dig 5   0+0+0+0+0+1+1+1+1+1+1+0+0+0+0+0 = x                         |
Dig 6   0+0+0+0+0+0+1+1+1+1+1+1+1+0+0+0 = x                         | 0 9 7 4 0 9 7 4     | 0 0 1 4 0 0 1 4     | 0 0 0 9 5 5 5 4    
Dig 7   0+0+0+0+0+0+0+1+1+1+1+1+1+1+1+0 = x                         | ---------------     | ---------------     | ---------------    
Dig 8   0 0 0 0 0 0 0 0 1 1 1 1 1 1 1 1 = (1+2+3+4+1+2+3+4)%10  = 0 | 1 1 1 1 1 1 1 1 = 0 | 1 1 1 1 1 1 1 1 = 0 | 1 1 1 1 1 1 1 1 = 8
Dig 9   0 0 0 0 0 0 0 0 0 1 1 1 1 1 1 1 = (2+3+4+1+2+3+4)%10    = 9 | 0 1 1 1 1 1 1 1 = 0 | 0 1 1 1 1 1 1 1 = 0 | 0 1 1 1 1 1 1 1 = 8
Dig 10  0 0 0 0 0 0 0 0 0 0 1 1 1 1 1 1 = (3+4+1+2+3+4)%10      = 7 | 0 0 1 1 1 1 1 1 = 1 | 0 0 1 1 1 1 1 1 = 0 | 0 0 1 1 1 1 1 1 = 8
Dig 11  0 0 0 0 0 0 0 0 0 0 0 1 1 1 1 1 = (4+1+2+3+4)%10        = 4 | 0 0 0 1 1 1 1 1 = 4 | 0 0 0 1 1 1 1 1 = 9 | 0 0 0 1 1 1 1 1 = 8
Dig 12  0 0 0 0 0 0 0 0 0 0 0 0 1 1 1 1 = (1+2+3+4)%10          = 0 | 0 0 0 0 1 1 1 1 = 0 | 0 0 0 0 1 1 1 1 = 5 | 0 0 0 0 1 1 1 1 = 9
Dig 13  0 0 0 0 0 0 0 0 0 0 0 0 0 1 1 1 = (2+3+4)%10            = 9 | 0 0 0 0 0 1 1 1 = 0 | 0 0 0 0 0 1 1 1 = 5 | 0 0 0 0 0 1 1 1 = 4
Dig 14  0 0 0 0 0 0 0 0 0 0 0 0 0 0 1 1 = (3+4)%10              = 7 | 0 0 0 0 0 0 1 1 = 1 | 0 0 0 0 0 0 1 1 = 5 | 0 0 0 0 0 0 1 1 = 9
Dig 15  0 0 0 0 0 0 0 0 0 0 0 0 0 0 0 1 = (4)%10                = 4 | 0 0 0 0 0 0 0 1 = 4 | 0 0 0 0 0 0 0 1 = 4 | 0 0 0 0 0 0 0 1 = 4


Since there's 10000 copies, the last half will always add up to a multiple of 10 (since x*5000 is divisible by 10 :P )
So the first char we care about will give:
    # Setup
    tot = 0
    index = len(input)*5000
    for all chars in the last half:
        C = input[index++]
        tot = (tot-C)%10
        val = abs(tot)
Or, starting from the end (since our offset into the message is always near the end)
    # Setup
    tot = 0
    index = len(input)*10000-1
    while we haven't reached the message offset:
        C = input[index--]
        tot = (tot+C)%10
        val = tot
    
